 240 240 240 240 240 240 240 240 240 228 206 240 240 240 240 240
 240 240 240 240 240 240 240 240 240 240 211 232 240 240 240 240
 240 240 240 240 240 240 240 240 240 240 231 200 238 240 240 240
 240 240 240 240 240 240 240 240 240 240 240 158 194 240 234 238
 240 240 240 240 240 240 240 240 240 240 240 162 122 185 200 234
 240 240 240 240 240 240 240 240 240 240 240 132 114 175 230 240
 240 240 240 240 240 240 240 240 240 240 236 174 120 218 240 240
 240 240 240 240 240 240 240 240 222 240 240 238 155 235 240 240
 240 240 240 240 240 240 240 238 128 216 220 218 224 240 240 240
 240 240 240 240 240 240 240 190 116 132 228 240 240 240 240 240
 240 240 240 240 240 240 228 132 124 208 240 240 240 240 240 240
 240 240 240 240 240 226 146 114 168 240 240 240 240 240 240 240
 240 240 240 232 182 128 130 212 224 240 240 240 240 240 240 240
 240 240 208 136 125 120 182 240 240 240 240 240 240 240 240 240
 240 226 128 128 126 131 219 240 240 240 240 240 240 240 240 240
 240 230 204 136 151 201 239 240 240 240 240 240 240 240 240 240
 240 240 240 240 240 240 240 240 240 218 168 236 240 240 240 240
 240 240 240 240 240 240 240 240 240 237 155 219 240 240 240 240
 240 240 240 240 240 240 240 240 240 240 210 140 228 240 240 240
 240 240 240 240 240 240 240 240 240 240 238  84 140 236 229 237
 240 240 240 240 240 240 240 240 240 240 240 112  42 123 144 227
 240 240 240 240 240 240 240 240 240 240 234  66  46  97 205 240
 240 240 240 240 240 240 240 240 240 240 222 116  45 184 240 240
 240 240 240 240 240 240 240 240 216 240 240 220  81 223 240 240
 240 240 240 240 240 240 240 232  61 164 172 186 192 240 240 240
 240 240 240 240 240 240 240 147  48  48 204 238 238 240 240 240
 240 240 240 240 240 240 212  62  44 152 240 240 240 240 240 240
 240 240 240 240 240 196  76  48 100 236 240 240 240 240 240 240
 240 240 240 222 116  54  60 140 200 240 240 240 240 240 240 240
 240 240 178  66  58  45 129 240 240 240 240 240 240 240 240 240
 240 202  56  58  59  55 193 240 240 240 240 240 240 240 240 240
 240 206 148  66  79 141 232 240 240 240 240 240 240 240 240 240
 236 232 230 230 232 232 228 224 223 190 136 209 224 224 224 224
 238 232 232 232 232 232 227 224 220 222 127 187 224 224 224 224
 240 239 238 238 238 232 228 226 226 227 186 104 204 218 224 224
 240 240 240 240 236 233 232 226 228 226 226  62 106 212 200 217
 238 233 234 234 234 233 237 231 228 224 234  90  30  98 114 205
 238 232 232 232 230 230 229 231 226 224 216  46  32  79 177 222
 240 238 238 238 231 232 226 226 224 224 200  88  20 161 224 224
 240 240 240 240 233 226 228 228 191 222 214 190  53 202 225 224
 238 232 232 232 228 224 220 214  41 136 140 156 166 224 224 224
 238 232 232 232 232 226 230 136  24  32 180 214 226 226 230 224
 240 240 240 240 228 224 196  46  28 128 224 226 232 232 230 228
 240 240 240 240 220 174  64  34  60 220 234 232 232 233 232 228
 232 224 224 206  92  32  40 120 160 225 232 232 232 230 232 228
 231 228 166  49  43  32 108 224 226 227 232 232 232 232 230 226
 234 178  34  42  40  35 184 226 224 226 232 232 233 228 224 224
 230 178 120  46  60 124 221 224 224 226 232 232 232 228 227 226

 240 240 240 238 234 240 240 240 240 240 240 240 240 240 240 240
 240 240 240 234 200 230 240 240 240 240 240 240 240 240 240 240
 240 240 240 240 185 175 218 235 240 240 240 240 240 240 240 240
 240 240 238 194 122 114 120 155 224 240 240 240 240 240 240 240
 240 232 200 158 162 132 174 238 218 240 240 240 240 240 240 240
 206 211 231 240 240 240 236 240 220 228 240 240 240 240 240 240
 228 240 240 240 240 240 240 240 216 132 208 240 240 240 240 240
 240 240 240 240 240 240 240 222 128 116 124 168 224 240 240 240
 240 240 240 240 240 240 240 240 238 190 132 114 212 240 240 240
 240 240 240 240 240 240 240 240 240 240 228 146 130 182 219 239
 240 240 240 240 240 240 240 240 240 240 240 226 128 120 131 201
 240 240 240 240 240 240 240 240 240 240 240 240 182 125 126 151
 240 240 240 240 240 240 240 240 240 240 240 240 232 136 128 136
 240 240 240 240 240 240 240 240 240 240 240 240 240 208 128 204
 240 240 240 240 240 240 240 240 240 240 240 240 240 240 226 230
 240 240 240 240 240 240 240 240 240 240 240 240 240 240 240 240
 240 240 240 237 227 240 240 240 240 240 240 240 240 240 240 240
 240 240 240 229 144 205 240 240 240 240 240 240 240 240 240 240
 240 240 240 236 123  97 184 223 240 240 240 240 240 240 240 240
 240 240 228 140  42  46  45  81 192 238 240 240 240 240 240 240
 236 219 140  84 112  66 116 220 186 238 240 240 240 240 240 240
 168 155 210 238 240 234 222 240 172 204 240 240 240 240 240 240
 218 237 240 240 240 240 240 240 164  48 152 236 240 240 240 240
 240 240 240 240 240 240 240 216  61  48  44 100 200 240 240 240
 240 240 240 240 240 240 240 240 232 147  62  48 140 240 240 240
 240 240 240 240 240 240 240 240 240 240 212  76  60 129 193 232
 240 240 240 240 240 240 240 240 240 240 240 196  54  45  55 141
 240 240 240 240 240 240 240 240 240 240 240 240 116  58  59  79
 240 240 240 240 240 240 240 240 240 240 240 240 222  66  58  66
 240 240 240 240 240 240 240 240 240 240 240 240 240 178  56 148
 240 240 240 240 240 240 240 240 240 240 240 240 240 240 202 206
 240 240 240 240 240 240 240 240 240 240 240 240 240 240 240 240
 224 224 224 217 205 222 224 224 224 224 228 228 228 226 224 226
 224 224 224 200 114 177 224 225 224 230 230 232 232 230 224 227
 224 224 218 212  98  79 161 202 224 226 232 233 230 232 228 228
 224 224 204 106  30  32  20  53 166 226 232 232 232 232 233 232
 209 187 104  62  90  46  88 190 156 214 226 232 232 232 232 232
 136 127 186 226 234 216 200 214 140 180 224 234 232 232 232 232
 190 222 227 226 224 224 224 222 136  32 128 220 225 227 226 226
 223 220 226 228 228 226 224 191  41  24  28  60 160 226 224 224
 224 224 226 226 231 231 226 228 214 136  46  34 120 224 226 224
 228 227 228 232 237 229 226 228 220 230 196  64  40 108 184 221
 232 232 232 233 233 230 232 226 224 226 224 174  32  32  35 124
 232 232 238 236 234 230 231 233 228 232 228 220  92  43  40  60
 230 232 238 240 234 232 238 240 232 232 240 240 206  49  42  46
 230 232 238 240 234 232 238 240 232 232 240 240 224 166  34 120
 232 232 239 240 233 232 238 240 232 232 240 240 224 228 178 178
 236 238 240 240 238 238 240 240 238 238 240 240 232 231 234 230

 240 240 240 240 240 240 240 240 240 239 201 151 136 204 230 240
 240 240 240 240 240 240 240 240 240 219 131 126 128 128 226 240
 240 240 240 240 240 240 240 240 240 182 120 125 136 208 240 240
 240 240 240 240 240 240 240 224 212 130 128 182 232 240 240 240
 240 240 240 240 240 240 240 168 114 146 226 240 240 240 240 240
 240 240 240 240 240 240 208 124 132 228 240 240 240 240 240 240
 240 240 240 240 240 228 132 116 190 240 240 240 240 240 240 240
 240 240 240 224 218 220 216 128 238 240 240 240 240 240 240 240
 240 240 235 155 238 240 240 222 240 240 240 240 240 240 240 240
 240 240 218 120 174 236 240 240 240 240 240 240 240 240 240 240
 240 230 175 114 132 240 240 240 240 240 240 240 240 240 240 240
 234 200 185 122 162 240 240 240 240 240 240 240 240 240 240 240
 238 234 240 194 158 240 240 240 240 240 240 240 240 240 240 240
 240 240 240 238 200 231 240 240 240 240 240 240 240 240 240 240
 240 240 240 240 232 211 240 240 240 240 240 240 240 240 240 240
 240 240 240 240 240 206 228 240 240 240 240 240 240 240 240 240
 240 240 240 240 240 240 240 240 240 232 141  79  66 148 206 240
 240 240 240 240 240 240 240 240 240 193  55  59  58  56 202 240
 240 240 240 240 240 240 240 240 240 129  45  58  66 178 240 240
 240 240 240 240 240 240 240 200 140  60  54 116 222 240 240 240
 240 240 240 240 240 240 236 100  48  76 196 240 240 240 240 240
 240 240 240 240 240 240 152  44  62 212 240 240 240 240 240 240
 240 240 240 238 238 204  48  48 147 240 240 240 240 240 240 240
 240 240 240 192 186 172 164  61 232 240 240 240 240 240 240 240
 240 240 223  81 220 240 240 216 240 240 240 240 240 240 240 240
 240 240 184  45 116 222 240 240 240 240 240 240 240 240 240 240
 240 205  97  46  66 234 240 240 240 240 240 240 240 240 240 240
 227 144 123  42 112 240 240 240 240 240 240 240 240 240 240 240
 237 229 236 140  84 238 240 240 240 240 240 240 240 240 240 240
 240 240 240 228 140 210 240 240 240 240 240 240 240 240 240 240
 240 240 240 240 219 155 237 240 240 240 240 240 240 240 240 240
 240 240 240 240 236 168 218 240 240 240 240 240 240 240 240 240
 226 227 228 232 232 232 226 224 224 221 124  60  46 120 178 230
 224 224 228 233 232 232 226 224 226 184  35  40  42  34 178 234
 226 230 232 232 232 232 227 226 224 108  32  43  49 166 228 231
 228 232 230 232 232 232 225 160 120  40  32  92 206 224 224 232
 228 232 233 232 232 234 220  60  34  64 174 220 240 240 240 240
 228 230 232 232 226 224 128  28  46 196 224 228 240 240 240 240
 224 230 226 226 214 180  32  24 136 230 226 232 232 232 232 238
 224 224 224 166 156 140 136  41 214 220 224 228 232 232 232 238
 224 225 202  53 190 214 222 191 228 228 226 233 240 240 240 240
 224 224 161  20  88 200 224 224 226 226 232 231 238 238 238 240
 222 177  79  32  46 216 224 226 231 229 230 230 232 232 232 238
 205 114  98  30  90 234 224 228 231 237 233 234 234 234 233 238
 217 200 212 106  62 226 226 228 226 232 233 236 240 240 240 240
 224 224 218 204 104 186 227 226 226 228 232 238 238 238 239 240
 224 224 224 224 187 127 222 220 224 227 232 232 232 232 232 238
 224 224 224 224 209 136 190 223 224 228 232 232 230 230 232 236

 240 240 240 240 240 240 240 240 240 240 240 240 240 240 240 240
 230 226 240 240 240 240 240 240 240 240 240 240 240 240 240 240
 204 128 208 240 240 240 240 240 240 240 240 240 240 240 240 240
 136 128 136 232 240 240 240 240 240 240 240 240 240 240 240 240
 151 126 125 182 240 240 240 240 240 240 240 240 240 240 240 240
 201 131 120 128 226 240 240 240 240 240 240 240 240 240 240 240
 239 219 182 130 146 228 240 240 240 240 240 240 240 240 240 240
 240 240 240 212 114 132 190 238 240 240 240 240 240 240 240 240
 240 240 240 224 168 124 116 128 222 240 240 240 240 240 240 240
 240 240 240 240 240 208 132 216 240 240 240 240 240 240 240 228
 240 240 240 240 240 240 228 220 240 236 240 240 240 231 211 206
 240 240 240 240 240 240 240 218 238 174 132 162 158 200 232 240
 240 240 240 240 240 240 240 224 155 120 114 122 194 238 240 240
 240 240 240 240 240 240 240 240 235 218 175 185 240 240 240 240
 240 240 240 240 240 240 240 240 240 240 230 200 234 240 240 240
 240 240 240 240 240 240 240 240 240 240 240 234 238 240 240 240
 240 240 240 240 240 240 240 240 240 240 240 240 240 240 240 240
 206 202 240 240 240 240 240 240 240 240 240 240 240 240 240 240
 148  56 178 240 240 240 240 240 240 240 240 240 240 240 240 240
  66  58  66 222 240 240 240 240 240 240 240 240 240 240 240 240
  79  59  58 116 240 240 240 240 240 240 240 240 240 240 240 240
 141  55  45  54 196 240 240 240 240 240 240 240 240 240 240 240
 232 193 129  60  76 212 240 240 240 240 240 240 240 240 240 240
 240 240 240 140  48  62 147 232 240 240 240 240 240 240 240 240
 240 240 240 200 100  44  48  61 216 240 240 240 240 240 240 240
 240 240 240 240 236 152  48 164 240 240 240 240 240 240 237 218
 240 240 240 240 240 240 204 172 240 222 234 240 238 210 155 168
 240 240 240 240 240 240 238 186 220 116  66 112  84 140 219 236
 240 240 240 240 240 240 238 192  81  45  46  42 140 228 240 240
 240 240 240 240 240 240 240 240 223 184  97 123 236 240 240 240
 240 240 240 240 240 240 240 240 240 240 205 144 229 240 240 240
 240 240 240 240 240 240 240 240 240 240 240 227 237 240 240 240
 230 234 231 232 240 240 238 238 240 240 238 238 240 240 238 236
 178 178 228 224 240 240 232 232 240 238 232 233 240 239 232 232
 120  34 166 224 240 240 232 232 240 238 232 234 240 238 232 230
  46  42  49 206 240 240 232 232 240 238 232 234 240 238 232 230
  60  40  43  92 220 228 232 228 233 231 230 234 236 238 232 232
 124  35  32  32 174 224 226 224 226 232 230 233 233 232 232 232
 221 184 108  40  64 196 230 220 228 226 229 237 232 228 227 228
 224 226 224 120  34  46 136 214 228 226 231 231 226 226 224 224
 224 224 226 160  60  28  24  41 191 224 226 228 228 226 220 223
 226 226 227 225 220 128  32 136 222 224 224 224 226 227 222 190
 232 232 232 232 234 224 180 140 214 200 216 234 226 186 127 136
 232 232 232 232 232 226 214 156 190  88  46  90  62 104 187 209
 232 233 232 232 232 232 226 166  53  20  32  30 106 204 224 224
 228 228 232 230 233 232 226 224 202 161  79  98 212 218 224 224
 227 224 230 232 232 230 230 224 225 224 177 114 200 224 224 224
 226 224 226 228 228 228 224 224 224 224 222 205 217 224 224 224

