 240 240 240 240 240 240 240 238 207 196 237 240 240 240 240 240
 240 240 240 240 240 240 227 148 101 103 137 228 240 240 240 240
 240 240 240 240 240 203 100  95 101  90  89  99 228 240 240 240
 240 240 240 240 202  91 133 128 174  87  88  94 106 232 240 240
 240 240 240 212 178 170 229 202 184  82  90  96  94 165 240 240
 240 240 204 182 184 233 161 238 209 156  88  96  92  77 223 240
 240 240 165 112 191 209 154 236 105 205 115  96  96  90 122 240
 240 215 199  98 229 203 137 121  91  95  95  96  96  92  75 219
 219  98 213 109 111  89  93  95  95  87  90  90  95  96  95 153
 157  97 115  97  94  88  91  93  96  94 102 115 130 125 105 125
  79  96  96  96  92  93  86  91 102 144 218 240 238 240 236 202
  82  96  94  94  96  96 104 143 215 200 162 158 159 170 227 240
 135 105  94 106 131 161 201 189 163 205 229 240 239 224 183 154
 173 217 220 220 214 169 156 184 191 172 145 143 176 222 240 230
 204 155 161 164 168 212 190 128  99  92  96  98 100 102 180 236
 240 240 240 238 211 145 130 125 124 131 149 165 175 187 204 236
 240 240 240 240 240 240 240 234 186 151 232 240 240 240 240 240
 240 240 240 240 240 240 217 110  55  49  95 216 240 240 240 240
 240 240 240 240 240 185  51  49  52  47  48  52 222 240 240 240
 240 240 240 240 179  38  76  78 131  36  48  48  72 228 240 240
 240 240 240 186 126 126 210 168 160  38  48  48  42 133 240 240
 240 240 185 151 145 222 128 231 188 119  45  48  48  32 207 240
 240 240 137  59 146 183 104 222  49 172  65  48  48  46  82 240
 240 195 178  48 209 170 102  77  42  47  47  48  48  48  29 207
 212  53 189  60  64  47  48  48  48  47  48  48  48  48  47 125
 134  44  69  46  48  48  48  48  48  48  49  61  82  75  54  73
  36  48  48  48  48  48  48  48  48  92 185 223 234 236 214 172
  22  48  48  48  48  48  50  85 185 177 120 114 113 129 206 237
  72  48  48  54  69 107 158 155 106 158 211 229 227 201 140 110
 133 179 177 171 162 119 104 146 162 130  98  99 149 208 240 211
 172 101  92  93 113 171 154  84  51  46  48  48  49  50 142 230
 240 240 240 219 164  92  80  73  68  78  99 118 131 148 171 227
 228 225 224 224 224 224 226 220 171 141 217 224 224 224 224 224
 224 224 224 224 224 226 204 103  52  44  81 204 224 224 224 224
 224 229 227 224 226 178  49  47  52  48  47  48 211 224 224 224
 224 230 231 228 168  33  70  73 131  36  47  46  56 218 224 224
 224 224 227 176 115 108 198 155 155  33  48  48  37 122 228 224
 224 225 175 143 128 208 115 215 172 106  39  48  48  26 198 224
 224 232 131  53 132 167  89 216  44 166  58  48  48  38  71 229
 230 182 174  44 199 156  89  73  48  48  48  48  48  44  27 197
 200  44 184  57  64  48  50  48  47  48  48  48  48  48  46 110
 123  43  67  50  48  48  48  48  48  48  45  56  74  69  43  59
  32  48  48  48  48  48  48  48  44  80 163 200 209 212 197 143
  22  48  48  49  49  48  48  67 167 161 117 110 111 121 190 221
  61  48  48  51  63  92 142 141  94 138 184 202 202 185 124  94
 112 157 153 157 150 105  88 131 145 122  95  94 130 198 224 192
 158  92  80  80  93 156 138  76  52  48  48  47  47  44 133 214
 225 225 222 204 155  83  66  63  60  64  86 103 113 129 154 211

 240 240 240 240 240 240 240 219 153 125 202 240 154 230 236 236
 240 240 240 240 240 223 122  75  95 105 236 227 183 240 180 204
 240 240 240 232 165  77  90  92  96 125 240 170 224 222 102 187
 240 240 228 106  94  92  96  96  95 130 238 159 239 176 100 175
 240 228  99  94  96  96  96  96  90 115 240 158 240 143  98 165
 237 137  89  88  90  88 115  95  90 102 218 162 229 145  96 149
 196 103  90  87  82 156 205  95  87  94 144 200 205 172  92 131
 207 101 101 174 184 209 105  91  95  96 102 215 163 191  99 124
 238 148  95 128 202 238 236 121  95  93  91 143 189 184 128 125
 240 227 100 133 229 161 154 137  93  91  86 104 201 156 190 130
 240 240 203  91 170 233 209 203  89  88  93  96 161 169 212 145
 240 240 240 202 178 184 191 229 111  94  92  96 131 214 168 211
 240 240 240 240 212 182 112  98 109  97  96  94 106 220 164 238
 240 240 240 240 240 204 165 199 213 115  96  94  94 220 161 240
 240 240 240 240 240 240 240 215  98  97  96  96 105 217 155 240
 240 240 240 240 240 240 240 240 219 157  79  82 135 173 204 240
 240 240 240 240 240 240 240 207 125  73 172 237 110 211 230 227
 240 240 240 240 240 207  82  29  47  54 214 206 140 240 142 171
 240 240 240 228 133  32  46  48  48  75 236 129 201 208  50 148
 240 240 222  72  42  48  48  48  48  82 234 113 227 149  49 131
 240 216  52  48  48  48  48  48  48  61 223 114 229  99  48 118
 232  95  48  48  48  45  65  47  48  49 185 120 211  98  48  99
 151  49  47  36  38 119 172  47  47  48  92 177 158 130  46  78
 186  55  52 131 160 188  49  42  48  48  48 185 106 162  51  68
 234 110  49  78 168 231 222  77  48  48  48  85 155 146  84  73
 240 217  51  76 210 128 104 102  48  48  48  50 158 104 154  80
 240 240 185  38 126 222 183 170  47  48  48  48 107 119 171  92
 240 240 240 179 126 145 146 209  64  48  48  48  69 162 113 164
 240 240 240 240 186 151  59  48  60  46  48  48  54 171  93 219
 240 240 240 240 240 185 137 178 189  69  48  48  48 177  92 240
 240 240 240 240 240 240 240 195  53  44  48  48  48 179 101 240
 240 240 240 240 240 240 240 240 212 134  36  22  72 133 172 240
 224 224 224 224 224 224 229 197 110  59 143 221  94 192 214 211
 224 224 224 224 228 198  71  27  46  43 197 190 124 224 133 154
 224 224 224 218 122  26  38  44  48  69 212 121 185 198  44 129
 224 224 211  56  37  48  48  48  48  74 209 111 202 130  47 113
 224 204  48  46  48  48  48  48  48  56 200 110 202  94  47 103
 217  81  47  47  48  39  58  48  48  45 163 117 184  95  48  86
 141  44  48  36  33 106 166  48  48  48  80 161 138 122  48  64
 171  52  52 131 155 172  44  48  47  48  44 167  94 145  52  60
 220 103  47  73 155 215 216  73  48  48  48  67 141 131  76  63
 226 204  49  70 198 115  89  89  50  48  48  48 142  88 138  66
 224 226 178  33 108 208 167 156  48  48  48  48  92 105 156  83
 224 224 226 168 115 128 132 199  64  48  48  49  63 150  93 155
 224 224 224 228 176 143  53  44  57  50  48  49  51 157  80 204
 224 224 227 231 227 175 131 174 184  67  48  48  48 153  80 222
 225 224 229 230 224 225 232 182  44  43  48  48  48 157  92 225
 228 224 224 224 224 224 224 230 200 123  32  22  61 112 158 225

 236 204 187 175 165 149 131 124 125 130 145 211 238 240 240 240
 236 180 102 100  98  96  92  99 128 190 212 168 164 161 155 204
 230 240 222 176 143 145 172 191 184 156 169 214 220 220 217 173
 154 183 224 239 240 229 205 163 189 201 161 131 106  94 105 135
 240 227 170 159 158 162 200 215 143 104  96  96  94  94  96  82
 202 236 240 238 240 218 144 102  91  86  93  92  96  96  96  79
 125 105 125 130 115 102  94  96  93  91  88  94  97 115  97 157
 153  95  96  95  90  90  87  95  95  93  89 111 109 213  98 219
 219  75  92  96  96  95  95  91 121 137 203 229  98 199 215 240
 240 122  90  96  96 115 205 105 236 154 209 191 112 165 240 240
 240 223  77  92  96  88 156 209 238 161 233 184 182 204 240 240
 240 240 165  94  96  90  82 184 202 229 170 178 212 240 240 240
 240 240 232 106  94  88  87 174 128 133  91 202 240 240 240 240
 240 240 240 228  99  89  90 101  95 100 203 240 240 240 240 240
 240 240 240 240 228 137 103 101 148 227 240 240 240 240 240 240
 240 240 240 240 240 237 196 207 238 240 240 240 240 240 240 240
 227 171 148 131 118  99  78  68  73  80  92 164 219 240 240 240
 230 142  50  49  48  48  46  51  84 154 171 113  93  92 101 172
 211 240 208 149  99  98 130 162 146 104 119 162 171 177 179 133
 110 140 201 227 229 211 158 106 155 158 107  69  54  48  48  72
 237 206 129 113 114 120 177 185  85  50  48  48  48  48  48  22
 172 214 236 234 223 185  92  48  48  48  48  48  48  48  48  36
  73  54  75  82  61  49  48  48  48  48  48  48  46  69  44 134
 125  47  48  48  48  48  47  48  48  48  47  64  60 189  53 212
 207  29  48  48  48  47  47  42  77 102 170 209  48 178 195 240
 240  82  46  48  48  65 172  49 222 104 183 146  59 137 240 240
 240 207  32  48  48  45 119 188 231 128 222 145 151 185 240 240
 240 240 133  42  48  48  38 160 168 210 126 126 186 240 240 240
 240 240 228  72  48  48  36 131  78  76  38 179 240 240 240 240
 240 240 240 222  52  48  47  52  49  51 185 240 240 240 240 240
 240 240 240 240 216  95  49  55 110 217 240 240 240 240 240 240
 240 240 240 240 240 232 151 186 234 240 240 240 240 240 240 240
 211 154 129 113 103  86  64  60  63  66  83 155 204 222 225 225
 214 133  44  47  47  48  48  52  76 138 156  93  80  80  92 158
 192 224 198 130  94  95 122 145 131  88 105 150 157 153 157 112
  94 124 185 202 202 184 138  94 141 142  92  63  51  48  48  61
 221 190 121 111 110 117 161 167  67  48  48  49  49  48  48  22
 143 197 212 209 200 163  80  44  48  48  48  48  48  48  48  32
  59  43  69  74  56  45  48  48  48  48  48  48  50  67  43 123
 110  46  48  48  48  48  48  47  48  50  48  64  57 184  44 200
 197  27  44  48  48  48  48  48  73  89 156 199  44 174 182 230
 229  71  38  48  48  58 166  44 216  89 167 132  53 131 232 224
 224 198  26  48  48  39 106 172 215 115 208 128 143 175 225 224
 224 228 122  37  48  48  33 155 155 198 108 115 176 227 224 224
 224 224 218  56  46  47  36 131  73  70  33 168 228 231 230 224
 224 224 224 211  48  47  48  52  47  49 178 226 224 227 229 224
 224 224 224 224 204  81  44  52 103 204 226 224 224 224 224 224
 224 224 224 224 224 217 141 171 220 226 224 224 224 224 225 228

 240 204 173 135  82  79 157 219 240 240 240 240 240 240 240 240
 240 155 217 105  96  96  97  98 215 240 240 240 240 240 240 240
 240 161 220  94  94  96 115 213 199 165 204 240 240 240 240 240
 238 164 220 106  94  96  97 109  98 112 182 212 240 240 240 240
 211 168 214 131  96  92  94 111 229 191 184 178 202 240 240 240
 145 212 169 161  96  93  88  89 203 209 233 170  91 203 240 240
 130 190 156 201 104  86  91  93 137 154 161 229 133 100 227 240
 125 128 184 189 143  91  93  95 121 236 238 202 128  95 148 238
 124  99 191 163 215 102  96  95  91 105 209 184 174 101 101 207
 131  92 172 205 200 144  94  87  95 205 156  82  87  90 103 196
 149  96 145 229 162 218 102  90  95 115  88  90  88  89 137 237
 165  98 143 240 158 240 115  90  96  96  96  96  94  99 228 240
 175 100 176 239 159 238 130  95  96  96  92  94 106 228 240 240
 187 102 222 224 170 240 125  96  92  90  77 165 232 240 240 240
 204 180 240 183 227 236 105  95  75 122 223 240 240 240 240 240
 236 236 230 154 240 202 125 153 219 240 240 240 240 240 240 240
 240 172 133  72  22  36 134 212 240 240 240 240 240 240 240 240
 240 101 179  48  48  48  44  53 195 240 240 240 240 240 240 240
 240  92 177  48  48  48  69 189 178 137 185 240 240 240 240 240
 219  93 171  54  48  48  46  60  48  59 151 186 240 240 240 240
 164 113 162  69  48  48  48  64 209 146 145 126 179 240 240 240
  92 171 119 107  48  48  48  47 170 183 222 126  38 185 240 240
  80 154 104 158  50  48  48  48 102 104 128 210  76  51 217 240
  73  84 146 155  85  48  48  48  77 222 231 168  78  49 110 234
  68  51 162 106 185  48  48  48  42  49 188 160 131  52  55 186
  78  46 130 158 177  92  48  47  47 172 119  38  36  47  49 151
  99  48  98 211 120 185  49  48  47  65  45  48  48  48  95 232
 118  48  99 229 114 223  61  48  48  48  48  48  48  52 216 240
 131  49 149 227 113 234  82  48  48  48  48  42  72 222 240 240
 148  50 208 201 129 236  75  48  48  46  32 133 228 240 240 240
 171 142 240 140 206 214  54  47  29  82 207 240 240 240 240 240
 227 230 211 110 237 172  73 125 207 240 240 240 240 240 240 240
 225 158 112  61  22  32 123 200 230 224 224 224 224 224 224 228
 225  92 157  48  48  48  43  44 182 232 225 224 230 229 224 225
 222  80 153  48  48  48  67 184 174 131 175 227 231 227 224 224
 204  80 157  51  49  48  50  57  44  53 143 176 228 224 224 224
 155  93 150  63  49  48  48  64 199 132 128 115 168 226 224 224
  83 156 105  92  48  48  48  48 156 167 208 108  33 178 226 224
  66 138  88 142  48  48  48  50  89  89 115 198  70  49 204 226
  63  76 131 141  67  48  48  48  73 216 215 155  73  47 103 220
  60  52 145  94 167  44  48  47  48  44 172 155 131  52  52 171
  64  48 122 138 161  80  48  48  48 166 106  33  36  48  44 141
  86  48  95 184 117 163  45  48  48  58  39  48  47  47  81 217
 103  47  94 202 110 200  56  48  48  48  48  48  46  48 204 224
 113  47 130 202 111 209  74  48  48  48  48  37  56 211 224 224
 129  44 198 185 121 212  69  48  44  38  26 122 218 224 224 224
 154 133 224 124 190 197  43  46  27  71 198 228 224 224 224 224
 211 214 192  94 221 143  59 110 197 229 224 224 224 224 224 224

